BUF	0.9999960499	0.0000039501	0.0000039501	0.9999960499
INV	0.0000015687	0.9999984313	0.9999976186	0.0000023814
NAND2	0.0000015687	0.9999984313	0.0000036603	0.9999963397	0.0000015687	0.9999984313	0.9999968248	0.0000031752 
NOR2	0.0000020916	0.9999979084	0.9999976186	0.0000023814	0.9999944434	0.0000055566	0.9999976186	0.0000023814 
NAND3	0.0000015687	0.9999984313	0.0000036603	0.9999963397	0.0000015687	0.9999984313	0.0000057519	0.9999942481	0.0000015687	0.9999984313	0.0000036603	0.9999963397	0.0000015687	0.9999984313	0.9999944434	0.0000055566
NOR3	0.0000036603	0.9999963397	0.9999976186	0.0000023814	0.9999944434	0.0000055566	0.9999976186	0.0000023814	0.9999912682	0.0000087318	0.9999976186	0.0000023814	0.9999944434	0.0000055566	0.9999976186	0.0000023814
NAND4	0.0000015687	0.9999984313	0.0000036603	0.9999963397	0.0000015687	0.9999984313	0.0000057519	0.9999942481	0.0000015687	0.9999984313	0.0000036603	0.9999963397	0.0000015687	0.9999984313	0.0000078435	0.9999921565	0.0000015687	0.9999984313	0.0000036603	0.9999963397	0.0000015687	0.9999984313	0.0000057519	0.9999942481	0.0000015687	0.9999984313	0.0000036603	0.9999963397	0.0000015687	0.9999984313	0.9999936496	0.0000063504
NOR4	0.0000041832	0.9999958168	0.9999976186	0.0000023814	0.9999944434	0.0000055566	0.9999976186	0.0000023814	0.9999912682	0.0000087318	0.9999976186	0.0000023814	0.9999944434	0.0000055566	0.9999976186	0.0000023814	0.9999880930	0.0000119070	0.9999976186	0.0000023814	0.9999944434	0.0000055566	0.9999976186	0.0000023814	0.9999912682	0.0000087318	0.9999976186	0.0000023814	0.9999944434	0.0000055566	0.9999976186	0.0000023814
AOI21	0.0000015687	0.9999984313	0.9999912682	0.0000087318	0.0000041832	0.9999958168	0.9999912682	0.0000087318	0.0000020916	0.9999979084	0.9999912682	0.0000087318	0.9999968248	0.0000031752	0.9999968248	0.0000031752
AOI22	0.0000020916	0.9999979084	0.0000020916	0.9999979084	0.0000041832	0.9999958168	0.9999968248	0.0000031752	0.0000041832	0.9999958168	0.0000041832	0.9999958168	0.0000062748	0.9999937252	0.9999968248	0.0000031752	0.0000020916	0.9999979084	0.0000020916	0.9999979084	0.0000041832	0.9999958168	0.9999968248	0.0000031752	0.9999888868	0.0000111132	0.9999888868	0.0000111132	0.9999888868	0.0000111132	0.9999968248	0.0000031752
AOI211	0.0000036603	0.9999963397	0.9999880930	0.0000119070	0.9999912682	0.0000087318	0.9999912682	0.0000087318	0.0000057519	0.9999942481	0.9999880930	0.0000119070	0.9999912682	0.0000087318	0.9999912682	0.0000087318	0.0000036603	0.9999963397	0.9999880930	0.0000119070	0.9999912682	0.0000087318	0.9999912682	0.0000087318	0.9999968248	0.0000031752	0.9999968248	0.0000031752	0.9999968248	0.0000031752	0.9999968248	0.0000031752
AOI221	0.0000036603	0.9999963397	0.0000057519	0.9999942481	0.0000036603	0.9999963397	0.9999968248	0.0000031752	0.9999912682	0.0000087318	0.9999912682	0.0000087318	0.9999912682	0.0000087318	0.9999968248	0.0000031752	0.0000057519	0.9999942481	0.0000078435	0.9999921565	0.0000057519	0.9999942481	0.9999968248	0.0000031752	0.9999912682	0.0000087318	0.9999912682	0.0000087318	0.9999912682	0.0000087318	0.9999968248	0.0000031752	0.0000036603	0.9999963397	0.0000057519	0.9999942481	0.0000036603	0.9999963397	0.9999968248	0.0000031752	0.9999912682	0.0000087318	0.9999912682	0.0000087318	0.9999912682	0.0000087318	0.9999968248	0.0000031752	0.9999857116	0.0000142884	0.9999857116	0.0000142884	0.9999857116	0.0000142884	0.9999968248	0.0000031752	0.9999912682	0.0000087318	0.9999912682	0.0000087318	0.9999912682	0.0000087318	0.9999968248	0.0000031752
AOI222	0.0000059013	0.9999940987	0.0000079929	0.9999920071	0.0000059013	0.9999940987	0.9999968248	0.0000031752	0.0000059013	0.9999940987	0.0000079929	0.9999920071	0.0000059013	0.9999940987	0.9999968248	0.0000031752	0.0000079929	0.9999920071	0.0000100845	0.9999899155	0.0000079929	0.9999920071	0.9999968248	0.0000031752	0.9999880930	0.0000119070	0.9999880930	0.0000119070	0.9999880930	0.0000119070	0.9999968248	0.0000031752	0.0000079929	0.9999920071	0.0000100845	0.9999899155	0.0000079929	0.9999920071	0.9999968248	0.0000031752	0.0000079929	0.9999920071	0.0000100845	0.9999899155	0.0000079929	0.9999920071	0.9999968248	0.0000031752	0.0000100845	0.9999899155	0.0000121761	0.9999878239	0.0000100845	0.9999899155	0.9999968248	0.0000031752	0.9999880930	0.0000119070	0.9999880930	0.0000119070	0.9999880930	0.0000119070	0.9999968248	0.0000031752	0.0000059013	0.9999940987	0.0000079929	0.9999920071	0.0000059013	0.9999940987	0.9999968248	0.0000031752	0.0000059013	0.9999940987	0.0000079929	0.9999920071	0.0000059013	0.9999940987	0.9999968248	0.0000031752	0.0000079929	0.9999920071	0.0000100845	0.9999899155	0.0000079929	0.9999920071	0.9999968248	0.0000031752	0.9999880930	0.0000119070	0.9999880930	0.0000119070	0.9999880930	0.0000119070	0.9999968248	0.0000031752	0.9999825364	0.0000174636	0.9999825364	0.0000174636	0.9999825364	0.0000174636	0.9999968248	0.0000031752	0.9999825364	0.0000174636	0.9999825364	0.0000174636	0.9999825364	0.0000174636	0.9999968248	0.0000031752	0.9999825364	0.0000174636	0.9999825364	0.0000174636	0.9999825364	0.0000174636	0.9999968248	0.0000031752	0.9999880930	0.0000119070	0.9999880930	0.0000119070	0.9999880930	0.0000119070	0.9999968248	0.0000031752
OAI21	0.0000020916	0.9999979084	0.0000020916	0.9999979084	0.0000057519	0.9999942481	0.9999968248	0.0000031752	0.0000057519	0.9999942481	0.9999936496	0.0000063504	0.0000057519	0.9999942481	0.9999976186	0.0000023814
OAI22	0.0000020916	0.9999979084	0.0000073206	0.9999926794	0.0000073206	0.9999926794	0.0000073206	0.9999926794	0.0000020916	0.9999979084	0.9999936496	0.0000063504	0.9999968248	0.0000031752	0.9999968248	0.0000031752	0.0000020916	0.9999979084	0.9999904744	0.0000095256	0.9999936496	0.0000063504	0.9999936496	0.0000063504	0.0000020916	0.9999979084	0.9999936496	0.0000063504	0.9999968248	0.0000031752	0.9999968248	0.0000031752
OAI211	0.0000020916	0.9999979084	0.0000020916	0.9999979084	0.0000020916	0.9999979084	0.0000020916	0.9999979084	0.0000057519	0.9999942481	0.0000057519	0.9999942481	0.0000078435	0.9999921565	0.9999944434	0.0000055566	0.0000057519	0.9999942481	0.0000057519	0.9999942481	0.0000078435	0.9999921565	0.9999912682	0.0000087318	0.0000057519	0.9999942481	0.0000057519	0.9999942481	0.0000078435	0.9999921565	0.9999944434	0.0000055566
OAI221	0.0000020916	0.9999979084	0.0000057519	0.9999942481	0.0000057519	0.9999942481	0.0000057519	0.9999942481	0.0000020916	0.9999979084	0.0000094122	0.9999905878	0.0000094122	0.9999905878	0.0000094122	0.9999905878	0.0000020916	0.9999979084	0.0000057519	0.9999942481	0.0000057519	0.9999942481	0.0000057519	0.9999942481	0.0000020916	0.9999979084	0.9999944434	0.0000055566	0.9999912682	0.0000087318	0.9999944434	0.0000055566	0.0000020916	0.9999979084	0.0000057519	0.9999942481	0.0000057519	0.9999942481	0.0000057519	0.9999942481	0.0000020916	0.9999979084	0.9999912682	0.0000087318	0.9999880930	0.0000119070	0.9999912682	0.0000087318	0.0000020916	0.9999979084	0.0000057519	0.9999942481	0.0000057519	0.9999942481	0.0000057519	0.9999942481	0.0000020916	0.9999979084	0.9999944434	0.0000055566	0.9999912682	0.0000087318	0.9999944434	0.0000055566
OAI222	0.0000020916	0.9999979084	0.0000078435	0.9999921565	0.0000078435	0.9999921565	0.0000078435	0.9999921565	0.0000020916	0.9999979084	0.0000115038	0.9999884962	0.0000115038	0.9999884962	0.0000115038	0.9999884962	0.0000020916	0.9999979084	0.0000115038	0.9999884962	0.0000115038	0.9999884962	0.0000115038	0.9999884962	0.0000020916	0.9999979084	0.0000115038	0.9999884962	0.0000115038	0.9999884962	0.0000115038	0.9999884962	0.0000020916	0.9999979084	0.0000078435	0.9999921565	0.0000078435	0.9999921565	0.0000078435	0.9999921565	0.0000020916	0.9999979084	0.9999878662	0.0000121338	0.9999846910	0.0000153090	0.9999878662	0.0000121338	0.0000020916	0.9999979084	0.9999910414	0.0000089586	0.9999878662	0.0000121338	0.9999910414	0.0000089586	0.0000020916	0.9999979084	0.9999910414	0.0000089586	0.9999878662	0.0000121338	0.9999910414	0.0000089586	0.0000020916	0.9999979084	0.0000078435	0.9999921565	0.0000078435	0.9999921565	0.0000078435	0.9999921565	0.0000020916	0.9999979084	0.9999846910	0.0000153090	0.9999815158	0.0000184842	0.9999846910	0.0000153090	0.0000020916	0.9999979084	0.9999878662	0.0000121338	0.9999846910	0.0000153090	0.9999878662	0.0000121338	0.0000020916	0.9999979084	0.9999878662	0.0000121338	0.9999846910	0.0000153090	0.9999878662	0.0000121338	0.0000020916	0.9999979084	0.0000078435	0.9999921565	0.0000078435	0.9999921565	0.0000078435	0.9999921565	0.0000020916	0.9999979084	0.9999878662	0.0000121338	0.9999846910	0.0000153090	0.9999878662	0.0000121338	0.0000020916	0.9999979084	0.9999910414	0.0000089586	0.9999878662	0.0000121338	0.9999910414	0.0000089586	0.0000020916	0.9999979084	0.9999910414	0.0000089586	0.9999878662	0.0000121338	0.9999910414	0.0000089586
OAI33	0.0000036603	0.9999963397	0.0000099351	0.9999900649	0.0000099351	0.9999900649	0.0000099351	0.9999900649	0.0000099351	0.9999900649	0.0000099351	0.9999900649	0.0000099351	0.9999900649	0.0000099351	0.9999900649	0.0000036603	0.9999963397	0.9999904744	0.0000095256	0.9999936496	0.0000063504	0.9999936496	0.0000063504	0.9999968248	0.0000031752	0.9999968248	0.0000031752	0.9999968248	0.0000031752	0.9999968248	0.0000031752	0.0000036603	0.9999963397	0.9999872992	0.0000127008	0.9999904744	0.0000095256	0.9999904744	0.0000095256	0.9999936496	0.0000063504	0.9999936496	0.0000063504	0.9999936496	0.0000063504	0.9999936496	0.0000063504	0.0000036603	0.9999963397	0.9999904744	0.0000095256	0.9999936496	0.0000063504	0.9999936496	0.0000063504	0.9999968248	0.0000031752	0.9999968248	0.0000031752	0.9999968248	0.0000031752	0.9999968248	0.0000031752	0.0000036603	0.9999963397	0.9999841240	0.0000158760	0.9999872992	0.0000127008	0.9999872992	0.0000127008	0.9999904744	0.0000095256	0.9999904744	0.0000095256	0.9999904744	0.0000095256	0.9999904744	0.0000095256	0.0000036603	0.9999963397	0.9999904744	0.0000095256	0.9999936496	0.0000063504	0.9999936496	0.0000063504	0.9999968248	0.0000031752	0.9999968248	0.0000031752	0.9999968248	0.0000031752	0.9999968248	0.0000031752	0.0000036603	0.9999963397	0.9999872992	0.0000127008	0.9999904744	0.0000095256	0.9999904744	0.0000095256	0.9999936496	0.0000063504	0.9999936496	0.0000063504	0.9999936496	0.0000063504	0.9999936496	0.0000063504	0.0000036603	0.9999963397	0.9999904744	0.0000095256	0.9999936496	0.0000063504	0.9999936496	0.0000063504	0.9999968248	0.0000031752	0.9999968248	0.0000031752	0.9999968248	0.0000031752	0.9999968248	0.0000031752
XOR2	0.9999902098	0.0000097902	0.0000053739	0.9999946261	0.0000048699	0.9999951301	0.9999967177	0.0000032823 
